n;t
3;1.23e-06
4;9.6e-07
5;4.8e-07
6;4.1e-07
7;4.9e-07
8;4.2e-07
9;3.6e-07
10;3.7e-07
11;5.5e-07
12;3.9e-07
13;4.3e-07
14;4.1e-07
15;7.759e-06
16;4.5e-07
17;4.9e-07
18;4.7e-07
19;5.6e-07
20;5.6e-07
21;4.8e-07
22;5.4e-07
23;5.8e-07
24;5.3e-07
25;4.9e-07
26;5.2e-07
27;5.7e-07
28;6e-07
29;5.8e-07
30;5.4e-07
31;6.5e-07
32;5.5e-07
33;6.7e-07
34;6.2e-07
35;6.6e-07
36;5.9e-07
37;8.8e-07
38;6.5e-07
39;7.1e-07
40;6.4e-07
41;6.7e-07
42;7.4e-07
43;8.2e-07
44;6.8e-07
45;6.2e-07
46;7.5e-07
47;7.8e-07
48;6.6e-07
49;7e-07
50;7.9e-07
51;8.3e-07
52;7.3e-07
53;6.7e-07
54;8.2e-07
55;8.9e-07
56;6.9e-07
57;8e-07
58;7.5e-07
59;1.01e-06
60;7.3e-07
61;8.8e-07
62;8.9e-07
63;8.9e-07
64;7.5e-07
65;8.9e-07
66;9.3e-07
67;8.9e-07
68;9.9e-07
69;1.03e-06
70;9.3e-07
71;9.1e-07
72;9.2e-07
73;1.01e-06
74;8.2e-07
75;6.58e-06
76;1.17e-06
77;8.7e-07
78;9.3e-07
79;1.14e-06
80;1.04e-06
81;1.07e-06
82;1.07e-06
83;1.02e-06
84;1.12e-06
85;1.14e-06
86;9.5e-07
87;1.17e-06
88;1.05e-06
89;1.12e-06
90;1.14e-06
91;1.32e-06
92;9.5e-07
93;1.07e-06
94;1.1e-06
95;1.36e-06
96;1.15e-06
97;1.09e-06
98;1.26e-06
99;1.39e-06
100;1.16e-06
101;1.14e-06
102;1.15e-06
103;1.38e-06
104;1.21e-06
105;1.21e-06
106;1.2e-06
107;1.47e-06
108;1.25e-06
109;1.25e-06
110;1.24e-06
111;1.49e-06
112;1.36e-06
113;2.17e-06
114;1.33e-06
115;7.929e-06
116;1.16e-06
117;1.17e-06
118;1.25e-06
119;2.49e-06
120;2.6e-06
121;1.5e-06
122;1.74e-06
123;1.54e-06
124;1.23e-06
125;1.23e-06
126;1.17e-06
127;1.9e-06
128;1.39e-06
129;1.31e-06
130;1.22e-06
131;1.59e-06
132;1.239e-06
133;1.26e-06
134;1.37e-06
135;1.55e-06
136;1.29e-06
137;1.29e-06
138;1.34e-06
139;8.56e-06
140;1.33e-06
141;1.4e-06
142;1.42e-06
143;1.43e-06
144;1.3e-06
145;1.37e-06
146;1.4e-06
147;1.5e-06
148;1.33e-06
149;1.61e-06
150;1.65e-06
151;1.35e-06
152;1.28e-06
153;1.23e-06
154;1.3e-06
155;1.31e-06
156;1.31e-06
157;1.24e-06
158;1.32e-06
159;1.35e-06
160;1.28e-06
161;1.4e-06
162;1.34e-06
163;1.45e-06
164;1.35e-06
165;1.39e-06
166;1.3e-06
167;5.2e-06
168;1.57e-06
169;3.38e-06
170;2.51e-06
171;2.64e-06
172;2.27e-06
173;1.53e-06
174;1.52e-06
175;1.76e-06
176;1.59e-06
177;1.26e-06
178;1.38e-06
179;2.03e-06
180;1.35e-06
181;1.51e-06
182;1.87e-06
183;1.54e-06
184;1.4e-06
185;1.53e-06
186;1.96e-06
187;8.9e-06
188;1.28e-06
189;1.3e-06
190;1.31e-06
191;1.38e-06
192;1.32e-06
193;1.26e-06
194;1.36e-06
195;1.35e-06
196;1.37e-06
197;1.29e-06
198;1.31e-06
199;1.41e-06
200;1.3e-06
201;1.38e-06
202;1.33e-06
203;1.4e-06
204;1.33e-06
205;1.32e-06
206;1.39e-06
207;4.83e-06
208;1.33e-06
209;1.33e-06
210;1.37e-06
211;1.44e-06
212;1.44e-06
213;1.39e-06
214;1.39e-06
215;1.46e-06
216;1.4e-06
217;1.38e-06
218;1.52e-06
219;1.46e-06
220;1.42e-06
221;1.49e-06
222;1.47e-06
223;1.58e-06
224;1.49e-06
225;1.51e-06
226;1.54e-06
227;5.04e-06
228;1.44e-06
229;1.48e-06
230;1.51e-06
231;1.55e-06
232;1.48e-06
233;1.52e-06
234;1.52e-06
235;1.61e-06
236;1.51e-06
237;1.54e-06
238;1.54e-06
239;1.72e-06
240;1.57e-06
241;1.6e-06
242;1.57e-06
243;4.27e-06
244;1.58e-06
245;1.59e-06
246;1.6e-06
247;1.649e-06
248;1.93e-06
249;2.23e-06
250;2.54e-06
251;2.41e-06
252;2.39e-06
253;2.33e-06
254;2.28e-06
255;2.38e-06
256;2.21e-06
257;2.29e-06
258;2.01e-06
259;2.04e-06
260;2.02e-06
261;2.05e-06
262;2.149e-06
263;2.07e-06
264;2.07e-06
265;1.98e-06
266;4.09e-06
267;2.6e-06
268;2.39e-06
269;3.15e-06
270;2.04e-06
271;1.9e-06
272;1.84e-06
273;2.38e-06
274;2.08e-06
275;1.859e-06
276;1.81e-06
277;1.82e-06
278;1.79e-06
279;1.83e-06
280;1.86e-06
281;1.8e-06
282;1.87e-06
283;1.83e-06
284;1.829e-06
285;1.82e-06
286;1.87e-06
287;1.88e-06
288;1.89e-06
289;1.91e-06
290;1.9e-06
291;1.91e-06
292;1.9e-06
293;1.94e-06
294;1.84e-06
295;1.95e-06
296;1.85e-06
297;1.92e-06
298;2.409e-06
299;4.13e-06
300;3.75e-06
301;3.76e-06
302;2.28e-06
303;2.5e-06
304;2.08e-06
305;2.12e-06
306;2.62e-06
307;2.74e-06
308;2.12e-06
309;2.05e-06
310;2e-06
311;2.33e-06
312;2.06e-06
313;2.04e-06
314;2.25e-06
315;2.2e-06
316;2.09e-06
317;1.95e-06
318;4.97e-06
319;5.05e-06
320;4.95e-06
321;5.18e-06
322;7.479e-06
323;6.23e-06
324;5.15e-06
325;8.06e-06
326;6.65e-06
327;6.739e-06
328;5.83e-06
329;4.9e-06
330;5.8e-06
331;5.72e-06
332;5.83e-06
333;8.65e-06
334;2.15e-06
335;2.08e-06
336;2.02e-06
337;2.05e-06
338;2.039e-06
339;2.07e-06
340;2.06e-06
341;2.58e-06
342;5.84e-06
343;3.81e-06
344;7.82e-06
345;5.659e-06
346;5.29e-06
347;5.1e-06
348;4.95e-06
349;2.68e-06
350;2.11e-06
351;2.12e-06
352;2.04e-06
353;2.09e-06
354;2.01e-06
355;2.06e-06
356;2.15e-06
357;2.03e-06
358;2.17e-06
359;2.15e-06
360;2.14e-06
361;2.18e-06
362;2.17e-06
363;2.69e-06
364;2.05e-06
365;2.12e-06
366;2.13e-06
367;2.12e-06
368;2.13e-06
369;2.14e-06
370;2.11e-06
371;2.07e-06
372;2.14e-06
373;2.15e-06
374;2.16e-06
375;2.15e-06
376;2.17e-06
377;2.15e-06
378;2.1e-06
379;2.17e-06
380;2.17e-06
381;2.18e-06
382;2.21e-06
383;2.19e-06
384;2.21e-06
242;1.44e-06
386;2.27e-06
387;2.19e-06
388;2.23e-06
389;2.22e-06
390;2.25e-06
391;2.24e-06
392;2.25e-06
393;2.31e-06
394;2.29e-06
395;2.22e-06
396;2.7e-06
397;2.5e-06
398;2.33e-06
399;2.3e-06
400;2.3e-06
401;2.54e-06
402;2.35e-06
403;3.15e-06
404;7.56e-06
405;6.8e-06
406;6.64e-06
407;7.45e-06
408;6.7e-06
409;6.549e-06
410;6.469e-06
411;6.56e-06
412;1.193e-05
413;6.74e-06
414;6.62e-06
415;6.86e-06
416;6.96e-06
417;6.69e-06
418;6.73e-06
419;6.33e-06
420;6.8e-06
421;6.69e-06
422;8.26e-06
423;7.14e-06
424;7.12e-06
425;8.38e-06
426;2.9e-06
427;2.69e-06
428;2.68e-06
429;2.72e-06
430;2.82e-06
431;2.79e-06
432;2.62e-06
433;2.73e-06
434;2.72e-06
435;2.72e-06
436;2.65e-06
437;2.54e-06
438;2.55e-06
439;2.57e-06
440;2.56e-06
441;2.49e-06
442;2.57e-06
443;2.55e-06
444;2.549e-06
445;2.46e-06
446;2.6e-06
447;2.56e-06
448;2.5e-06
449;2.5e-06
450;2.54e-06
451;2.62e-06
452;2.579e-06
453;2.62e-06
454;2.61e-06
455;2.6e-06
456;2.839e-06
457;3.07e-06
458;3.41e-06
459;7.06e-06
460;7.67e-06
461;7.31e-06
462;7.29e-06
463;3.51e-06
464;3.16e-06
465;2.62e-06
466;2.65e-06
467;2.66e-06
468;2.67e-06
469;2.62e-06
470;2.73e-06
471;2.65e-06
472;2.679e-06
473;2.76e-06
474;2.63e-06
475;2.67e-06
476;3.16e-06
477;2.63e-06
478;2.66e-06
479;2.79e-06
480;2.69e-06
481;3.25e-06
482;3.07e-06
483;2.95e-06
484;2.99e-06
485;2.98e-06
486;3.01e-06
487;2.929e-06
488;2.99e-06
489;3.33e-06
490;3.33e-06
491;2.81e-06
492;2.909e-06
493;2.69e-06
494;3.52e-06
495;2.92e-06
496;2.81e-06
497;2.77e-06
498;2.73e-06
499;3.72e-06
500;3.49e-06
501;3.08e-06
502;2.95e-06
503;3.51e-06
504;3.27e-06
505;3.08e-06
506;3.92e-06
507;3.5e-06
508;2.81e-06
509;2.84e-06
510;2.83e-06
511;2.8e-06
512;2.81e-06
513;2.97e-06
514;2.87e-06
515;2.93e-06
516;2.91e-06
517;2.88e-06
518;2.89e-06
519;2.88e-06
520;2.88e-06
521;2.88e-06
522;2.88e-06
523;2.9e-06
524;2.93e-06
525;2.92e-06
526;2.9e-06
527;2.89e-06
528;2.9e-06
529;2.87e-06
530;3.03e-06
531;3.28e-06
532;3.32e-06
533;3.47e-06
534;3.52e-06
535;3.34e-06
536;3.19e-06
537;3.17e-06
538;3.09e-06
539;3.04e-06
540;3.31e-06
541;3.1e-06
542;3.13e-06
543;3.13e-06
544;3.35e-06
545;3.13e-06
546;3.28e-06
547;3.299e-06
548;3.12e-06
549;3.11e-06
550;3.13e-06
551;3.15e-06
552;3.08e-06
553;3.34e-06
554;3.16e-06
555;3.4e-06
556;3.28e-06
557;3.36e-06
558;3.36e-06
559;3.39e-06
560;3.36e-06
561;3.41e-06
562;3.43e-06
563;3.29e-06
564;3.22e-06
565;3.23e-06
566;3.22e-06
567;3.26e-06
568;3.19e-06
569;3.22e-06
570;3.25e-06
571;3.41e-06
572;3.46e-06
573;3.44e-06
574;3.25e-06
575;3.25e-06
576;3.28e-06
577;3.53e-06
578;3.46e-06
579;3.449e-06
580;3.47e-06
581;3.48e-06
582;3.49e-06
583;3.54e-06
584;3.49e-06
585;3.5e-06
586;3.49e-06
587;3.34e-06
588;3.329e-06
589;3.31e-06
590;3.33e-06
591;3.33e-06
592;3.53e-06
593;3.57e-06
594;3.59e-06
595;3.34e-06
596;3.35e-06
597;3.37e-06
598;3.37e-06
599;5.04e-06
600;4.72e-06
601;3.81e-06
602;3.83e-06
603;1.5069e-05
604;3.77e-06
605;3.64e-06
606;3.57e-06
607;3.75e-06
608;3.64e-06
609;3.45e-06
111;1.05e-06
611;3.46e-06
612;3.42e-06
613;3.66e-06
614;4.05e-06
615;3.63e-06
616;3.71e-06
617;3.73e-06
618;3.43e-06
619;3.44e-06
620;3.5e-06
621;3.68e-06
622;3.68e-06
623;3.74e-06
624;3.7e-06
625;3.8e-06
626;3.69e-06
627;3.99e-06
628;3.96e-06
629;3.83e-06
630;3.66e-06
631;3.62e-06
632;3.66e-06
633;3.63e-06
634;3.68e-06
635;3.67e-06
636;3.72e-06
637;3.65e-06
638;3.66e-06
639;3.69e-06
640;3.67e-06
641;3.71e-06
642;3.72e-06
643;3.71e-06
644;3.74e-06
645;3.75e-06
646;3.74e-06
647;3.73e-06
648;3.76e-06
649;3.58e-06
650;3.61e-06
651;3.51e-06
652;3.5e-06
653;3.54e-06
654;3.49e-06
655;3.53e-06
656;3.529e-06
657;3.51e-06
658;3.52e-06
659;3.52e-06
660;3.54e-06
661;3.53e-06
662;3.52e-06
663;3.57e-06
664;3.57e-06
665;3.58e-06
666;3.57e-06
667;3.67e-06
668;3.579e-06
669;3.58e-06
670;3.59e-06
671;3.6e-06
672;3.71e-06
673;3.62e-06
674;3.63e-06
675;3.62e-06
676;3.62e-06
677;3.61e-06
678;3.64e-06
679;3.63e-06
680;3.66e-06
681;3.65e-06
682;3.67e-06
683;1.488e-05
684;5.2e-06
685;5.24e-06
686;5.39e-06
687;4.83e-06
688;3.9e-06
689;4.35e-06
690;1.608e-05
691;4.1e-06
692;3.98e-06
693;3.76e-06
694;3.71e-06
695;3.73e-06
696;3.72e-06
697;3.7e-06
698;3.72e-06
699;3.71e-06
700;3.75e-06
701;3.77e-06
702;3.779e-06
703;3.74e-06
704;3.76e-06
705;3.77e-06
706;3.75e-06
707;3.78e-06
708;3.79e-06
709;3.81e-06
710;3.78e-06
711;3.8e-06
712;4.92e-06
713;3.85e-06
714;4e-06
715;7.88e-06
716;4.01e-06
717;3.88e-06
718;3.83e-06
719;3.85e-06
720;3.82e-06
721;3.829e-06
722;3.86e-06
723;3.86e-06
724;3.85e-06
725;3.86e-06
726;3.85e-06
727;3.86e-06
728;3.92e-06
729;3.9e-06
730;3.9e-06
731;3.89e-06
732;3.91e-06
733;4.01e-06
734;3.93e-06
735;3.91e-06
736;3.89e-06
737;3.94e-06
738;3.95e-06
739;3.94e-06
740;3.93e-06
741;3.94e-06
742;3.96e-06
743;3.97e-06
744;3.97e-06
745;3.97e-06
746;3.98e-06
747;3.98e-06
748;3.96e-06
749;3.99e-06
750;4.01e-06
751;3.99e-06
752;3.979e-06
753;4.06e-06
754;4.02e-06
755;4.04e-06
756;4.05e-06
757;4e-06
758;4.04e-06
759;4.04e-06
760;4.03e-06
761;4.04e-06
762;4.05e-06
763;4.01e-06
764;4.06e-06
765;4.06e-06
766;4.5e-06
767;4.45e-06
768;4.43e-06
769;4.4e-06
770;4.46e-06
771;4.42e-06
772;5.47e-06
773;5.01e-06
774;4.65e-06
775;4.539e-06
776;4.61e-06
777;4.62e-06
778;4.53e-06
779;4.59e-06
780;4.609e-06
781;4.65e-06
782;4.63e-06
783;4.99e-06
784;4.93e-06
785;4.96e-06
786;4.91e-06
787;4.99e-06
788;4.66e-06
789;4.64e-06
790;4.8e-06
791;4.65e-06
792;4.78e-06
793;4.55e-06
794;4.53e-06
795;4.579e-06
796;4.89e-06
797;4.88e-06
798;4.87e-06
799;4.96e-06
800;4.86e-06
801;4.89e-06
802;4.95e-06
803;4.94e-06
804;4.89e-06
805;4.93e-06
806;4.97e-06
807;4.95e-06
808;4.97e-06
809;4.94e-06
810;5.01e-06
811;4.93e-06
812;4.98e-06
813;4.99e-06
814;4.95e-06
815;4.99e-06
816;4.97e-06
817;5.03e-06
818;4.97e-06
819;5.03e-06
820;5.05e-06
821;5.02e-06
822;5.05e-06
823;5.02e-06
824;5.04e-06
825;5.01e-06
826;5.02e-06
827;5.049e-06
828;5.079e-06
829;5.03e-06
830;5.05e-06
831;5.11e-06
832;5.05e-06
833;6.18e-06
834;6.15e-06
835;5.28e-06
836;5.06e-06
837;5.07e-06
838;4.82e-06
839;4.84e-06
840;4.76e-06
841;4.8e-06
842;4.73e-06
843;4.769e-06
844;4.749e-06
845;4.76e-06
846;4.82e-06
847;4.76e-06
848;4.55e-06
849;4.479e-06
850;4.47e-06
851;4.49e-06
852;4.47e-06
853;4.66e-06
854;4.94e-06
855;5.819e-06
856;4.99e-06
857;4.82e-06
858;4.85e-06
859;4.83e-06
860;4.86e-06
861;4.87e-06
862;4.83e-06
863;4.87e-06
864;4.88e-06
865;4.58e-06
866;4.55e-06
867;4.57e-06
868;4.58e-06
869;4.57e-06
870;4.57e-06
871;4.55e-06
872;4.6e-06
873;4.6e-06
874;4.59e-06
875;4.62e-06
876;4.63e-06
877;4.6e-06
878;4.61e-06
879;4.63e-06
880;4.6e-06
881;5.08e-06
882;6.54e-06
883;6.37e-06
884;4.97e-06
885;4.7e-06
886;4.59e-06
887;4.59e-06
888;4.64e-06
889;4.63e-06
890;4.62e-06
891;4.82e-06
892;9.94e-06
893;5.799e-06
894;5.1e-06
895;5.68e-06
896;4.82e-06
897;4.86e-06
898;4.82e-06
899;4.71e-06
900;4.72e-06
901;4.689e-06
902;4.69e-06
903;4.67e-06
904;4.7e-06
905;4.71e-06
906;4.72e-06
907;4.759e-06
908;4.75e-06
909;4.729e-06
910;4.76e-06
911;4.719e-06
912;4.77e-06
913;4.729e-06
914;5.03e-06
915;4.82e-06
916;5.77e-06
917;5.14e-06
918;4.819e-06
919;4.78e-06
920;4.77e-06
921;4.79e-06
922;4.8e-06
923;4.979e-06
924;4.79e-06
925;4.81e-06
926;4.79e-06
927;4.83e-06
928;4.799e-06
929;4.83e-06
930;4.81e-06
931;4.85e-06
932;4.82e-06
933;4.85e-06
934;4.84e-06
935;4.86e-06
936;4.88e-06
937;4.82e-06
938;4.87e-06
939;4.87e-06
940;4.99e-06
941;4.89e-06
942;4.89e-06
943;4.88e-06
944;4.9e-06
945;4.9e-06
946;4.889e-06
947;4.9e-06
948;4.9e-06
949;4.91e-06
950;4.92e-06
951;4.93e-06
952;4.93e-06
953;4.91e-06
954;4.93e-06
955;4.92e-06
956;5.069e-06
957;4.99e-06
958;4.95e-06
959;4.97e-06
960;4.94e-06
961;6.819e-06
962;5.91e-06
963;5.32e-06
964;5.98e-06
965;5.08e-06
966;5.06e-06
967;5.1e-06
968;5.06e-06
969;4.979e-06
970;5.14e-06
971;5.05e-06
972;5e-06
973;5.04e-06
974;5.03e-06
975;4.999e-06
976;5.07e-06
977;5.02e-06
978;5.01e-06
979;5.47e-06
980;5.37e-06
981;5.17e-06
982;5.32e-06
983;5.08e-06
984;5.079e-06
985;5.09e-06
986;5.21e-06
987;5.1e-06
988;5.12e-06
989;5.08e-06
990;5.13e-06
991;5.1e-06
992;5.1e-06
993;5.11e-06
994;5.1e-06
995;5.14e-06
996;5.14e-06
997;5.1e-06
998;5.15e-06
999;5.15e-06
1000;5.12e-06
1001;5.32e-06
1002;5.19e-06
